2005,55.4,34.5,84.4,32.5,53.5,129.4,54.3,148.5,132.2,44.4,58.4,94.5
2006,79.5,43.2,25.6,32.1,42,54.3,70.4,120.5,84.3,52.5,43.5,80.5
2007,99.6,47.8,18.5,97.5,58.6,43.6,66,41.2,54.2,40.4,60,81.1
2008,99.6,16.4,100.3,38.6,45.8,65.8,104.4,187.4,113.3,51.6,57,68.6
2009,75,68.6,20.9,21.3,62.4,73.5,122.3,65.6,24.1,50.2,127.8,28.9
2010,47.7,36.2,58.1,23.1,44.6,54.5,83.6,34.6,96.9,25.4,106.1,64
2011,28.7,84.3,18.7,23.4,48.1,66.8,47.9,43.5,57.3,153.1,54.1,49.1
2012,69.2,19.4,28.1,93,61.4,164.5,98.3,64.4,82.4,72.7,68,47.5
2013,83.6,46.6,97.1,46.4,42.4,43.7,67.6,47.8,33.8,92,22.3,87.5
2014,97.8,95.3,54.7,36.4,73.5,29.6,34.3,147.1,15.5,80.9,154.4,65
2015,59.2,26.4,57.9,52,102.9,11,67.11,95.5,35.8,45.9,24.7,50.5
